a:   1.000000000000   1.000000000000 0
b:   2.000000000000   2.000000000000 0
c:   3.000000000000   3.000000000000 0
c1 0 0.00 0.00
a:   1.000000000000   1.000000000000 1
b:   2.000000000000   2.000000000000 1
c:   3.000000000000   3.000000000000 1
c1 a a 5 6.10 6.10
a:   1.000000000000   1.000000000000 0
b:   2.000000000000   2.000000000000 0
c:   3.000000000000   3.000000000000 0
